FIPS;Non-Attendance;County, State;Trinitarian Christian Attendance;Non-Trinitarian Christian-Descent Groups;Other Religions\n01001;74.39603567;Autauga, AL;22.22792326;0.73299005;2.643051021
\n01003;76.84385696;Baldwin, AL;21.25312046;0.774147532;1.128875052\n01005;79.30293759;Barbour, AL;17.74775103;0.777579488;2.171731898\n01007;78.72763619;Bibb, AL;18.21514292;1.85468034;1.202540547\n01009;75.58349765;Blount, AL;21.59729249;0.232022609;2.587187251\n01011;83.78309098;Bullock, AL;11.60894264;0.458127176;4.149839203\n01013;74.60736131;Butler, AL;22.80517497;1.315224137;1.272239586\n01015;71.58199201;Calhoun, AL;25.21758931;0.766622811;2.433795865\n01017;76.30249762;Chambers, AL;20.30907497;0.603536461;2.784890956\n01019;80.66323492;Cherokee, AL;17.27269229;0.567547809;1.496524974\n01021;72.85795672;Chilton, AL;24.2031941;0.462846275;2.476002904\n01023;71.23598013;Choctaw, AL;25.7594343;0.984919547;2.019666021\n01025;71.78248446;Clarke, AL;23.43901212;1.234854643;3.543648785\n01027;71.01207175;Clay, AL;25.4952627;0.951047947;2.541617595\n01029;70.82350539;Cleburne, AL;26.3024312;0;2.874063409\n01031;73.93880439;Coffee, AL;22.28717867;1.54360535;2.230411598\n01033;70.17076439;Colbert, AL;27.78900566;0.450135959;1.590093996\n01035;76.71608743;Conecuh, AL;19.67039613;1.920169338;1.693347108\n01037;79.34363492;Coosa, AL;18.71912644;0;1.937238641\n01039;75.89442202;Covington, AL;20.9532636;0.958559513;2.19375486\n01041;73.42339445;Crenshaw, AL;24.55774486;0.395512728;1.623347961\n01043;67.26282162;Cullman, AL;30.33542273;0.376215705;2.025539941\n01045;81.97292319;Dale, AL;15.28427295;0.628843207;2.11396065\n01047;78.14808728;Dallas, AL;18.44135098;0.637836604;2.772725135\n01049;77.84763601;DeKalb, AL;19.9594988;0.412043483;1.780821706\n01051;79.83722436;Elmore, AL;18.71745079;0.353076176;1.092248671\n01053;76.33400258;Escambia, AL;19.78130953;1.834599024;2.050088859\n01055;70.3365188;Etowah, AL;25.53002011;0.575983913;3.55747718\n01057;69.48025057;Fayette, AL;28.48442666;1.035322777;1\n01059;72.9237547;Franklin, AL;24.58364875;0.840587938;1.652008606\n01061;75.65075401;Geneva, AL;21.04516611;0.740948115;2.563131768\n01063;89.70324284;Greene, AL;9.159756772;0;1.13700039\n01065;79.81107415;Hale, AL;16.45145939;0.57106599;3.166400472\n01067;82.53120054;Henry, AL;15.47797942;0;1.990820033\n01069;67.7244006;Houston, AL;28.81325889;0.770579141;2.691761379\n01071;77.78146528;Jackson, AL;20.00018787;0.612471114;1.60587573\n01073;66.32315532;Jefferson, AL;30.17369158;0.476106587;3.027046508\n01075;64.43531997;Lamar, AL;33.22576215;1.33891788;1\n01077;69.96560205;Lauderdale, AL;28.55008683;0.474603329;1.009707795\n01079;78.4128482;Lawrence, AL;19.27400332;0.851801159;1.461347326\n01081;83.49250167;Lee, AL;14.74113528;0.421042874;1.345320176\n01083;73.78497741;Limestone, AL;24.10427388;0.918677973;1.19207074\n01085;75.6879972;Lowndes, AL;22.81617842;0.442517037;1.053307344\n01087;82.68064852;Macon, AL;14.11057244;0.503449562;2.705329479\n01089;78.20330085;Madison, AL;19.64705461;0.815236059;1.334408485\n01091;73.21567061;Marengo, AL;22.59951491;0.499357968;3.685456508\n01093;71.50129971;Marion, AL;26.686379;0.812321289;1\n01095;73.16154335;Marshall, AL;24.36706479;0.569238543;1.902153313\n01097;76.75857729;Mobile, AL;19.93985356;0.633910584;2.667658574\n01099;75.91469988;Monroe, AL;20.47425004;0.968874632;2.642175447\n01101;72.10831683;Montgomery, AL;24.55321913;0.719383684;2.61908035\n01103;70.84075441;Morgan, AL;26.72022763;0.602142439;1.836875514\n01105;77.85987588;Perry, AL;18.85563214;1.699556227;1.584935749\n01107;72.68306368;Pickens, AL;23.94282386;0.49377089;2.880341563\n01109;80.4266434;Pike, AL;17.12894009;0.550168698;1.894247816\n01111;75.60063581;Randolph, AL;22.79491991;0.218216733;1.386227539\n01113;75.08425153;Russell, AL;20.98891344;0.807411185;3.119423847\n01115;81.57495232;St. Clair, AL;15.94332061;0.747670259;1.73405681\n01117;80.08670579;Shelby, AL;18.4060794;0.368813594;1.13840121\n01119;84.74802005;Sumter, AL;12.46457894;1.780135145;1.007265858\n01121;79.16510217;Talladega, AL;17.79052387;1.143502935;1.900871023\n01123;72.49627875;Tallapoosa, AL;23.9931757;1.183439062;2.327106486\n01125;77.98737845;Tuscaloosa, AL;19.92977355;0.440006987;1.642841015\n01127;73.58799597;Walker, AL;23.91417871;0.485654178;2.012171139\n01129;75.32900861;Washington, AL;22.02377567;1.166031511;1.481184214\n01131;76.62076759;Wilcox, AL;20.46915167;0.634104542;2.275976202\n01133;75.51495289;Winston, AL;21.78974024;0.741300441;1.954006434\n04001;81.7904414;Apache, AZ;10.14569759;5.775469113;2.288391898\n04003;83.11779904;Cochise, AZ;13.31978134;2.371979352;1.190440268\n04005;86.15900045;Coconino, AZ;8.118523147;3.794050037;1.928426362\n04007;83.16049406;Gila, AZ;12.57533071;3.228725488;1.035449745\n04009;80.23208665;Graham, AZ;8.715744224;8.522299839;2.52986929\n04011;79.3259156;Greenlee, AZ;14.60234681;4.20765675;1.864080847\n04012;87.48162429;La Paz, AZ;9.136609888;2.332959149;1.048806677\n04013;83.31835466;Maricopa, AZ;13.18313664;1.891637065;1.606871626\n04015;89.06898584;Mohave, AZ;8.041521385;1.739632142;1.14986063\n04017;83.61107276;Navajo, AZ;7.990767713;6.548222878;1.849936653\n04019;83.23821188;Pima, AZ;13.98900091;1.170553209;1.602234003\n04021;90.58155255;Pinal, AZ;7.061500386;1.191420284;1.165526785\n04023;84.52182325;Santa Cruz, AZ;13.23703079;0.787642345;1.453503612\n04025;86.05463127;Yavapai, AZ;10.91724991;1.953722877;1.074395948\n04027;84.65338815;Yuma, AZ;13.04310067;1.0886279;1.214883272\n05001;74.21381608;Arkansas, AR;21.80451128;0.775540249;3.206132395\n05003;68.16547942;Ashley, AR;26.46318583;1.40026541;3.971069334\n05005;74.98583576;Baxter, AR;22.62182931;1.375472743;1.016862188\n05007;77.54083555;Benton, AR;20.2978237;1.040711307;1.120629442\n05009;61.19413056;Boone, AR;36.48754844;1.315611197;1.002709807\n05011;72.98012899;Bradley, AR;21.48939868;1.281717066;4.24875526\n05013;80.59463487;Calhoun, AR;18.40536513;0;1\n05015;80.94818917;Carroll, AR;15.70720688;2.060409531;1.284194418\n05017;82.23678112;Chicot, AR;13.71186441;1.25;2.801354469\n05019;69.71736745;Clark, AR;27.51032833;1.537290715;1.2350135\n05021;78.76123857;Clay, AR;17.19206616;3.046695268;1\n05023;76.09087409;Cleburne, AR;21.01270697;1.888717751;1.007701194\n05025;80.02976167;Cleveland, AR;18.4831396;0;1.487098731\n05027;81.65069879;Columbia, AR;14.93768328;0.836999022;2.574618904\n05029;78.25304376;Conway, AR;19.63991915;1.0976355;1.009401589\n05031;75.28026323;Craighead, AR;22.12913327;1.347428014;1.243175486\n05033;78.30264545;Crawford, AR;19.84083425;0.723187189;1.133333109\n05035;82.52295851;Crittenden, AR;14.76955719;0.488192998;2.219291302\n05037;73.40227412;Cross, AR;23.71572468;0.545607163;2.336394036\n05039;75.65054931;Dallas, AR;20.16079349;2.63060621;1.558050982\n05041;76.56554175;Desha, AR;19.23431734;1.133917589;3.066223316\n05043;73.39055363;Drew, AR;22.26214274;1.423631747;2.923671881\n05045;77.17851056;Faulkner, AR;20.9856319;0.796117877;1.039739661\n05047;82.99045549;Franklin, AR;14.91862069;0.813793103;1.277130718\n05049;74.10412413;Fulton, AR;23.27480604;1.612903226;1.008166599\n05051;75.73706573;Garland, AR;22.26578772;0.938827793;1.058318754\n05053;80.00348022;Grant, AR;17.87654736;0.826191676;1.293780741\n05055;75.4641245;Greene, AR;22.12342599;1.410073652;1.002375861\n05057;81.53057107;Hempstead, AR;15.34676456;0.900084037;2.222580329\n05059;79.57304385;Hot Spring, AR;18.47644504;0.744160617;1.206350496\n05061;73.97505326;Howard, AR;23.01834796;1.874682718;1.131916061\n05063;75.36529765;Independence, AR;22.25011597;0.968701394;1.415884987\n05065;78.44973359;Izard, AR;19.42172897;1.076956776;1.051580667\n05067;75.51733639;Jackson, AR;22.45374229;0.819581041;1.209340283\n05069;77.69304012;Jefferson, AR;18.91973914;0.786466068;2.600754675\n05071;80.53813687;Johnson, AR;15.90054816;1.607282694;1.954032277\n05073;84.42538475;Lafayette, AR;13.49901897;0;2.075596284\n05075;74.93453919;Lawrence, AR;21.53316107;2.526557565;1.005742176\n05077;84.33192632;Lee, AR;12.30813507;2.350345357;1.009593246\n05079;85.4688978;Lincoln, AR;12.6255837;0.689825952;1.215692546\n05081;74.47615746;Little River, AR;22.2382507;1.905701921;1.379889913\n05083;70.19422859;Logan, AR;25.10848656;1.543416991;3.153867864\n05085;82.23025243;Lonoke, AR;15.21702557;0.817046053;1.735675942\n05087;83.05230006;Madison, AR;14.58929821;1.339314118;1.019087612\n05089;81.75686063;Marion, AR;16.34540323;0.885726296;1.012009848\n05091;77.21748207;Miller, AR;19.44227141;0.977865722;2.362380798\n05093;77.70053977;Mississippi, AR;17.15361446;1.362951807;3.782893969\n05095;75.71382313;Monroe, AR;21.00871273;0;3.277464148\n05097;80.3903236;Montgomery, AR;17.58195425;1.027722146;1\n05099;81.84733796;Nevada, AR;14.58263866;2.16738913;1.402634256\n05101;82.63145258;Newton, AR;13.82953181;2.370948379;1.168067227\n05103;66.15656513;Ouachita, AR;29.01225115;1.102603369;3.728580351\n05105;85.45998145;Perry, AR;12.02489229;1.412158928;1.102967324\n05107;83.93683711;Phillips, AR;11.8122903;1.319115687;2.931756903\n05109;72.40359578;Pike, AR;25.77273935;0.823664866;1\n05111;76.20223422;Poinsett, AR;19.3385673;1.407476712;3.051721762\n05113;74.1863324;Polk, AR;21.23221373;3.566934469;1.014519408\n05115;77.27509149;Pope, AR;20.28289665;1.212067235;1.229944619\n05117;79.80893762;Prairie, AR;17.51004016;1.118760757;1.562261462\n05119;75.347561;Pulaski, AR;22.01435409;0.821820101;1.816264805\n05121;78.42691273;Randolph, AR;18.12009572;0.959986644;2.493004904\n05123;83.19152659;St. Francis, AR;13.22015005;0.698917121;2.889406243\n05125;82.72262365;Saline, AR;15.77232585;0.503183405;1.0018671\n05127;71.53182587;Scott, AR;24.3479035;1.75821241;2.362058221\n05129;75.93105552;Searcy, AR;20.07931666;2.989627822;1\n05131;73.05197205;Sebastian, AR;23.16452475;0.93642639;2.847076806\n05133;78.23571332;Sevier, AR;19.24023918;0.864696916;1.659350581\n05135;69.40083411;Sharp, AR;27.10843373;2.484939759;1.0057924\n05137;75.35146038;Stone, AR;21.23608198;2.3963208;1.01613684\n05139;69.49643552;Union, AR;25.88919042;1.14676145;3.467612605\n05141;81.68285632;Van Buren, AR;15.96415149;1.347210176;1.005782018\n05143;76.45322589;Washington, AR;20.74705144;0.999926132;1.799796541\n05145;70.2381286;White, AR;27.65063055;1.102158908;1.009081945\n05147;81.95974598;Woodruff, AR;16.22589532;0;1.814358699\n05149;77.3457291;Yell, AR;20.32905116;1.320712193;1.00450755\n06001;85.33159214;Alameda, CA;11.29982632;0.863686054;2.504895479\n06003;99;Alpine, CA;0;0;1\n06005;87.71124413;Amador, CA;8.925993017;2.336509937;1.026252921\n06007;84.65618182;Butte, CA;12.39086364;1.6925;1.260454545\n06009;72.88798684;Calaveras, CA;23.40602922;1.312036509;2.393947426\n06011;79.35142501;Colusa, CA;18.0493954;0.667631542;1.931548055\n06013;83.91488648;Contra Costa, CA;12.91992565;1.105693382;2.059494492\n06015;87.8185949;Del Norte, CA;7.098916463;4.002097169;1.080391472\n06017;85.43777132;El Dorado, CA;11.5686686;1.620751361;1.372808713\n06019;78.14907494;Fresno, CA;18.21116127;1.120586813;2.519176981\n06021;82.11268758;Glenn, CA;14.74130574;2.124671076;1.021335609\n06023;88.54784844;Humboldt, CA;7.544030366;2.558998091;1.349123107\n06025;85.17860153;Imperial, CA;12.43754584;0.833963605;1.549889031\n06027;80.5647579;Inyo, CA;16.16521083;2.24846328;1.021567993\n06029;79.45945067;Kern, CA;17.18574588;1.686871971;1.667931478\n06031;77.83273238;Kings, CA;18.8038462;0.937692016;2.425729401\n06033;87.41336117;Lake, CA;9.648186809;1.649269311;1.289182711\n06035;87.74623872;Lassen, CA;8.829345178;2.395758705;1.028657401\n06037;78.67570352;Los Angeles, CA;17.48452453;1.207681743;2.632090205\n06039;78.2536254;Madera, CA;18.91359825;0.949855831;1.882920522\n06041;83.44230143;Marin, CA;13.38066392;0.521376021;2.655658622\n06043;80.12158238;Mariposa, CA;17.27028656;1.498548025;1.109583037\n06045;85.47897906;Mendocino, CA;9.689097346;1.826026571;3.005897018\n06047;78.56117636;Merced, CA;17.87421861;1.02622042;2.538384618\n06049;92.91905843;Modoc, CA;4.573611398;1.404088375;1.103241792\n06051;64.14351378;Mono, CA;29.9676102;2.105337276;3.783538751\n06053;80.82166328;Monterey, CA;15.35210826;0.69881968;3.127408774\n06055;79.44333573;Napa, CA;16.8657132;0.879956625;2.810994451\n06057;81.41449314;Nevada, CA;15.9675084;1.282856101;1.33514236\n06059;80.39871163;Orange, CA;16.14559609;1.423411883;2.032280402\n06061;80.10872423;Placer, CA;16.86720795;1.785283786;1.238784038\n06063;87.69895537;Plumas, CA;9.581646424;1.694406958;1.024991253\n06065;80.79775817;Riverside, CA;16.50803716;1.165624867;1.528579799\n06067;84.07604025;Sacramento, CA;12.63221496;1.243032786;2.048711999\n06069;75.60676141;San Benito, CA;20.63453292;1.205920136;2.552785538\n06071;82.89402076;San Bernardino, CA;14.27444834;1.240240565;1.591290334\n06073;81.31642675;San Diego, CA;15.55519587;0.999381969;2.128995406\n06075;86.95509207;San Francisco, CA;9.358323968;0.456574789;3.230009175\n06077;81.51709601;San Joaquin, CA;14.98416766;1.172541901;2.326194434\n06079;76.65357496;San Luis Obispo, CA;20.0710585;1.492376788;1.782989759\n06081;82.45419245;San Mateo, CA;14.24175066;0.755514294;2.548542596\n06083;80.97880447;Santa Barbara, CA;15.34277356;1.590960025;2.087461944\n06085;81.82720166;Santa Clara, CA;14.51961168;0.610644563;3.042542095\n06087;86.91094664;Santa Cruz, CA;10.0927274;1.017219169;1.979106798\n06089;83.25633242;Shasta, CA;13.27107655;2.083815306;1.388775723\n06091;91.5617284;Sierra, CA;6.604938272;0.771604938;1.061728395\n06093;84.93986637;Siskiyou, CA;11.22048998;2.432071269;1.407572383\n06095;83.33907351;Solano, CA;14.00794496;1.114930905;1.538050631\n06097;85.64489;Sonoma, CA;11.0919488;1.054501341;2.208659862\n06099;83.00744091;Stanislaus, CA;14.05360645;1.356003367;1.582949268\n06101;79.44058815;Sutter, CA;14.99836389;1.4735531;4.087494854\n06103;86.92445992;Tehama, CA;10.57308983;1.461481493;1.040968753\n06105;90.97011461;Trinity, CA;6.361526186;1.566806906;1.101552299\n06107;81.9017208;Tulare, CA;15.37126367;1.11188003;1.615135499\n06109;79.32692134;Tuolumne, CA;18.11071977;1.477467714;1.084891177\n06111;81.41304797;Ventura, CA;15.09902614;1.650030729;1.837895166\n06113;84.53614905;Yolo, CA;11.94130914;1.13244278;2.39009903\n06115;85.0439332;Yuba, CA;10.71997783;1.460744231;2.775344744\n08001;87.13402536;Adams, CO;9.962115294;1.37442454;1.529434809\n08003;70.80988158;Alamosa, CO;22.50728391;4.124312075;2.558522433\n08005;85.02642818;Arapahoe, CO;12.66492483;0.837845256;1.470801727\n08007;64.83329859;Archuleta, CO;26.58887786;2.180569348;6.39725421\n08009;82.65892291;Baca, CO;15.81309398;0.475184794;1.05279831\n08011;85.9056778;Bent, CO;12.24803816;0.784736113;1.06154793\n08013;81.34357549;Boulder, CO;15.3897076;1.339593369;1.927123541\n08014;84.07040741;Broomfield, CO;14.46080624;0.411529997;1.057256347\n08015;79.98433376;Chaffee, CO;17.09248133;1.889494076;1.03369083\n08017;75.90631808;Cheyenne, CO;23.09368192;0;1\n08019;93.05809859;Clear Creek, CO;4.720510563;1.188380282;1.033010563\n08021;74.23522631;Conejos, CO;15.01937984;7.097868217;3.647525626\n08023;65.85330687;Costilla, CO;28.12145289;1.13507378;4.890166453\n08025;86.22308089;Crowley, CO;12.75974584;0;1.017173278\n08027;80.92714454;Custer, CO;15.60517039;0.681551116;2.78613396\n08029;82.26440941;Delta, CO;13.89247868;2.820496252;1.022615663\n08031;79.66906589;Denver, CO;16.4829095;0.782127373;3.065897234\n08033;92.50775194;Dolores, CO;5.959302326;0;1.532945736\n08035;81.67966301;Douglas, CO;15.68265812;1.553955826;1.083723048\n08037;87.58938253;Eagle, CO;10.45845547;0.948330364;1.003831638\n08039;91.91561986;Elbert, CO;5.912674348;1.158710907;1.012994889\n08041;83.35311114;El Paso, CO;14.28910284;1.137782577;1.220003439\n08043;81.67875448;Fremont, CO;15.52622587;1.677558517;1.117461131\n08045;86.37874408;Garfield, CO;10.74855025;1.839011155;1.033694515\n08047;97.08858666;Gilpin, CO;1.893034369;0;1.018378974\n08049;87.95102068;Grand, CO;10.27420333;0.761301624;1.013474365\n08051;83.31064112;Gunnison, CO;14.21299922;1.367136518;1.109223148\n08053;76.58007117;Hinsdale, CO;22.41992883;0;1\n08055;74.4739733;Huerfano, CO;21.78512889;0.745045448;2.995852364\n08057;88.3830703;Jackson, CO;10.6169297;0;1\n08059;83.05436981;Jefferson, CO;14.528906;0.943048548;1.473675644\n08061;22.31902718;Kiowa, CO;75.32188841;1.287553648;1.071530758\n08063;75.65054414;Kit Carson, CO;21.49939541;1.850060459;1\n08065;91.76333789;Lake, CO;6.511627907;0.683994528;1.041039672\n08067;82.29761951;La Plata, CO;12.55503175;4.067479643;1.079869093\n08069;79.27667457;Larimer, CO;18.0132163;1.376030438;1.334078697\n08071;67.40193389;Las Animas, CO;28.5355001;0.322435029;3.740130982\n08073;77.51838303;Lincoln, CO;18.42692519;3.054691787;1\n08075;82.18728258;Logan, CO;14.3599454;2.448368488;1.00440354\n08077;82.18361811;Mesa, CO;13.87989613;2.470982736;1.465503023\n08079;76.96005859;Mineral, CO;17.97752809;0;5.062413315\n08081;87.28774523;Moffat, CO;8.126132657;3.497644074;1.088478044\n08083;82.3522616;Montezuma, CO;12.67280204;3.869199138;1.105737223\n08085;82.86592693;Montrose, CO;9.741738541;6.360839229;1.0314953\n08087;79.05092302;Morgan, CO;16.28253844;3.254732057;1.411806477\n08089;67.75281994;Otero, CO;28.25128777;1.569220965;2.426671323\n08091;88.15689811;Ouray, CO;10.82055906;0;1.022542831\n08093;92.01493274;Park, CO;6.392694064;0.308527706;1.283845489\n08095;75.49178335;Phillips, CO;23.03016659;0;1.478050057\n08097;92.71938418;Pitkin, CO;5.376720317;0.798926989;1.104968509\n08099;77.59071746;Prowers, CO;18.45271293;2.246832922;1.709736684\n08101;75.16876592;Pueblo, CO;21.64614021;1.058700012;2.126393857\n08103;80.67330392;Rio Blanco, CO;13.56135614;4.710471047;1.054868899\n08105;71.12967073;Rio Grande, CO;25.35469871;2.044733767;1.470896791\n08107;87.55332001;Routt, CO;10.94049088;0.463652218;1.042536901\n08109;73.74828359;Saguache, CO;16.50294695;0.802226588;8.946542864\n08111;77.2546495;San Juan, CO;20.31473534;1.287553648;1.143061516\n08113;87.06903112;San Miguel, CO;11.23793994;0.679440141;1.013588803\n08115;74.45187053;Sedgwick, CO;24.54812947;0;1\n08117;88.38165321;Summit, CO;9.548474673;1.059155533;1.010716582\n08119;86.66167024;Teller, CO;10.10706638;0.976445396;2.254817987\n08121;81.86248442;Washington, CO;10.5317823;6.605733278;1\n08123;86.62877484;Weld, CO;11.38773855;0.916641946;1.066844655\n08125;77.15158914;Yuma, CO;20.22304092;1.45374888;1.171621059\n09001;76.8143778;Fairfield, CT;19.52861439;0.406509829;3.250497981\n09003;81.51206076;Hartford, CT;15.30054339;0.441939388;2.745456463\n09005;84.64642526;Litchfield, CT;12.22627641;0.331443133;2.795855195\n09007;84.54169347;Middlesex, CT;13.0411164;0.293041841;2.124148296\n09009;81.75208636;New Haven, CT;15.48122443;0.332820469;2.433868742\n09011;83.12106796;New London, CT;14.32924048;0.546970499;2.002721065\n09013;85.47010303;Tolland, CT;12.46373395;0.15914494;1.907018085\n09015;82.19788496;Windham, CT;15.62215017;0.513392103;1.666572771\n10001;86.1942579;Kent, DE;12.1378843;0.495964512;1.171893291\n10003;81.78978714;New Castle, DE;15.12203819;0.60048767;2.487687009\n10005;84.17842197;Sussex, DE;14.40969845;0.39361891;1.018260671\n11001;78.2568692;Dist. of Columbia, DC;18.03371319;0.419877585;3.289540023\n12001;81.99863344;Alachua, FL;15.29174888;0.657607465;2.052010221\n12003;85.03171676;Baker, FL;12.91167251;1.052922736;1.003687996\n12005;82.31586241;Bay, FL;15.62433374;0.777900173;1.281903679\n12007;83.27106657;Bradford, FL;13.67461431;1.011570827;2.042748299\n12009;83.78778967;Brevard, FL;14.33105253;0.569587174;1.311570625\n12011;83.64420108;Broward, FL;14.01935053;0.384996905;1.95145149\n12013;81.61538462;Calhoun, FL;13.6;1.008547009;3.776068376\n12015;82.21925515;Charlotte, FL;16.14221956;0.379114628;1.259410669\n12017;84.12949956;Citrus, FL;14.02758503;0.579526466;1.263388938\n12019;81.46223026;Clay, FL;16.52634061;0.755769785;1.255659347\n12021;84.80057228;Collier, FL;13.63927594;0.356431948;1.203719831\n12023;81.57244821;Columbia, FL;16.4931661;0.852941612;1.081444078\n12027;84.59226258;DeSoto, FL;13.32396305;0.43170214;1.652072228\n12029;88.21568627;Dixie, FL;10.18755328;0.584581659;1.012178785\n12031;76.37921357;Duval, FL;21.03231308;0.547634227;2.040839121\n12033;76.88856782;Escambia, FL;20.87904334;0.702072112;1.530316726\n12035;84.50043889;Flagler, FL;14.03297943;0.415377863;1.051203812\n12037;78.85972811;Franklin, FL;18.64230669;1.497965192;1\n12039;84.09190281;Gadsden, FL;12.41889241;1.248140723;2.241064054\n12041;85.76291928;Gilchrist, FL;12.63356751;0;1.603513216\n12043;90.03927352;Glades, FL;7.777087861;0.989599503;1.194039118\n12045;81.26375843;Gulf, FL;16.40295026;1.326987329;1.006303978\n12047;85.71590969;Hamilton, FL;11.31157511;1.300763565;1.671751641\n12049;81.59427157;Hardee, FL;15.46644549;0.632865746;2.306417187\n12051;84.73837506;Hendry, FL;13.34951456;0.75370465;1.158405723\n12053;86.8686812;Hernando, FL;11.48135179;0.398198845;1.251768165\n12055;83.22802826;Highlands, FL;14.89634159;0.453505557;1.422124593\n12057;82.02138907;Hillsborough, FL;15.5139901;0.537289319;1.927331508\n12059;78.96753793;Holmes, FL;17.67451197;2.127766347;1.230183756\n12061;79.61700488;Indian River, FL;18.24086417;0.732460081;1.409670864\n12063;81.31919681;Jackson, FL;16.38724722;0.634221847;1.659334128\n12065;79.85246031;Jefferson, FL;15.88645756;0.897635662;3.363446474\n12067;80.82638106;Lafayette, FL;18.17361894;0;1\n12069;81.01796318;Lake, FL;16.90141793;0.657124005;1.423494876\n12071;82.11631117;Lee, FL;16.06793653;0.359189597;1.456562705\n12073;79.03789653;Leon, FL;18.63282115;0.636327667;1.692954658\n12075;81.68846638;Levy, FL;15.1368839;1.37986814;1.794781577\n12077;83.83432102;Liberty, FL;10.74716079;3.75971309;1.658805105\n12079;82.72317867;Madison, FL;13.639201;1.362879734;2.274740597\n12081;83.07597736;Manatee, FL;15.52412548;0.343211506;1.056685655\n12083;81.26838073;Marion, FL;17.05352885;0.515397014;1.162693406\n12085;82.17731792;Martin, FL;15.86065966;0.559398023;1.402624402\n12086;83.70926829;Miami-Dade, FL;14.33272847;0.364379605;1.593623637\n12087;86.35599945;Monroe, FL;11.35723081;0.625940621;1.660829115\n12089;79.99445496;Nassau, FL;18.243446;0.653354066;1.108744979\n12091;80.7143988;Okaloosa, FL;15.98533364;0.937109423;2.363158135\n12093;84.3210321;Okeechobee, FL;13.90139014;0.765076508;1.01250125\n12095;81.76500145;Orange, FL;15.87617675;0.499190196;1.859631609\n12097;82.65409308;Osceola, FL;14.44740123;0.659508346;2.238997339\n12099;84.13904649;Palm Beach, FL;13.69724589;0.310309408;1.853398216\n12101;89.56535764;Pasco, FL;9.03879302;0.317949115;1.077900223\n12103;85.22064424;Pinellas, FL;12.41077878;0.553111587;1.815465403\n12105;81.27829495;Polk, FL;17.03028592;0.498758502;1.192660627\n12107;82.35653958;Putnam, FL;14.61863267;0.93324727;2.091580479\n12109;85.11839818;St. Johns, FL;12.83789117;0.26520872;1.778501933\n12111;85.36339092;St. Lucie, FL;12.48501561;0.941361969;1.210231507\n12113;82.40148386;Santa Rosa, FL;15.26306054;0.833707687;1.501747909\n12115;80.85192701;Sarasota, FL;17.33439101;0.493216462;1.320465518\n12117;80.26481484;Seminole, FL;17.58855786;0.470289886;1.676337416\n12119;86.52836652;Sumter, FL;12.15799615;0.306144295;1.007493042\n12121;80.01273356;Suwannee, FL;16.84195326;1.089023128;2.056290046\n12123;79.70725901;Taylor, FL;18.05937085;0.839610102;1.393760044\n12125;90.42581268;Union, FL;7.788863856;0.772449308;1.012874155\n12127;82.03534421;Volusia, FL;16.15793188;0.602515604;1.204208309\n12129;86.54061606;Wakulla, FL;11.46672732;0.794450221;1.198206395\n12131;82.44476137;Walton, FL;15.36344313;1.186345221;1.005450284\n12133;83.80737833;Washington, FL;14.4842545;0.592464653;1.115902516\n13001;69.94373194;Appling, GA;25.73481027;0.808839658;3.512618141\n13003;85.19742101;Atkinson, GA;11.58208955;1.385074627;1.835414809\n13005;72.35976929;Bacon, GA;26.10850757;0.531723143;1\n13007;86.06218475;Baker, GA;11.83714865;0;2.100666599\n13009;87.29177603;Baldwin, GA;10.97769029;0.667104112;1.063429571\n13011;80.02797682;Banks, GA;16.89045936;0.271812993;2.809750827\n13013;85.22143384;Barrow, GA;12.9701443;0.472126515;1.336295341\n13015;81.94588614;Bartow, GA;15.70634104;0.585580638;1.762192176\n13017;75.45090036;Ben Hill, GA;20.4888284;0.836452308;3.223818932\n13019;85.83602012;Berrien, GA;12.8279581;0;1.336021779\n13021;74.4504401;Bibb, GA;23.26113651;0.493098549;1.795324849\n13023;83.39963811;Bleckley, GA;14.03199878;1.071729312;1.496633804\n13025;87.23917802;Brantley, GA;11.27586769;0;1.484954293\n13027;83.52162523;Brooks, GA;14.12916333;0.307824909;2.041386528\n13029;85.08478163;Bryan, GA;12.83035094;0.165382198;1.919485231\n13031;84.40880414;Bulloch, GA;13.91400943;0.633037583;1.044148853\n13033;82.01906528;Burke, GA;14.5136387;1.273803397;2.193492615\n13035;81.57662228;Butts, GA;16.77446629;0.623546819;1.025364616\n13037;82.19051775;Calhoun, GA;13.78846728;0;4.021014964\n13039;84.38044855;Camden, GA;13.67172807;0.743372993;1.204450387\n13043;84.03963536;Candler, GA;13.70249136;0.454628114;1.803245165\n13045;79.71795051;Carroll, GA;18.54569472;0.4161879;1.320166873\n13047;88.17589764;Catoosa, GA;10.62838197;0.078195865;1.117524527\n13049;86.58352478;Charlton, GA;11.79853751;0;1.617937709\n13051;76.34796856;Chatham, GA;21.02531607;0.59952174;2.027193628\n13053;96.14209639;Chattahoochee, GA;2.396378805;0.443773853;1.017750954\n13055;79.46235116;Chattooga, GA;18.8852585;0.566980588;1.085409751\n13057;82.68599141;Cherokee, GA;15.65133009;0.325874987;1.336803513\n13059;84.54113388;Clarke, GA;12.92047227;1.117689395;1.420704464\n13061;80.4829157;Clay, GA;16.05403707;0;3.463047227\n13063;81.02373995;Clayton, GA;16.28183977;0.320517762;2.373902515\n13065;83.55520271;Clinch, GA;15.22874375;0;1.216053542\n13067;78.86530153;Cobb, GA;18.43148597;0.407802604;2.295409899\n13069;80.11624875;Coffee, GA;17.85579375;0.75077911;1.277178391\n13071;77.72592632;Colquitt, GA;19.53272671;0.603323223;2.138023746\n13073;82.17412719;Columbia, GA;14.77433033;0.658589474;2.392953012\n13075;80.80488574;Cook, GA;16.7848013;0.290495003;2.119817957\n13077;79.18489283;Coweta, GA;19.16122749;0.618534838;1.035344848\n13079;92.34520982;Crawford, GA;5.85114806;0.653206651;1.150435471\n13081;83.12003898;Crisp, GA;14.35854772;0.629293059;1.892120246\n13083;81.56478086;Dade, GA;17.12859977;0.300607227;1.006012145\n13085;76.58172862;Dawson, GA;21.03000448;1.379310345;1.008956561\n13087;76.90385461;Decatur, GA;19.76151139;0.738093528;2.596540477\n13089;79.28325198;DeKalb, GA;17.79184065;0.455055912;2.469851457\n13091;75.8972742;Dodge, GA;21.05432189;0.676729675;2.371674233\n13093;85.15934958;Dooly, GA;12.89046789;0.335165572;1.615016954\n13095;74.72818804;Dougherty, GA;22.93554698;0.531380532;1.804884446\n13097;79.50860289;Douglas, GA;18.37042967;0.443343429;1.677624004\n13099;76.00636793;Early, GA;17.78706395;1.339934593;4.866633525\n13101;92.15815568;Echols, GA;6.841844323;0;1\n13103;83.78804399;Effingham, GA;14.50717703;0.483253589;1.221525391\n13105;79.24996725;Elbert, GA;17.84439155;0.485966478;2.419674725\n13107;83.98769673;Emanuel, GA;14.02557748;0.384989822;1.601735963\n13109;83.42417052;Evans, GA;14.91818182;0;1.657647664\n13111;78.27601609;Fannin, GA;18.42327506;0.211130817;3.089578033\n13113;74.37554157;Fayette, GA;22.49383017;0.619797874;2.51083038\n13115;75.9945003;Floyd, GA;21.15877779;0.418929161;2.427792758\n13117;82.77291773;Forsyth, GA;15.79616092;0.157824866;1.273096479\n13119;70.83688276;Franklin, GA;27.16899112;0.11320413;1.880921989\n13121;74.52180596;Fulton, GA;21.39322884;0.442926804;3.642038394\n13123;80.8739694;Gilmer, GA;17.14265517;0.896013007;1.087362426\n13125;83.29696234;Glascock, GA;14.47112265;0;2.231915015\n13127;78.30635035;Glynn, GA;18.77653028;0.928716751;1.98840262\n13129;76.8813495;Gordon, GA;20.85945711;0.250063422;2.00912997\n13131;79.27453832;Grady, GA;18.03206589;0.423813522;2.269582271\n13133;80.46364528;Greene, GA;17.35025635;0.312617231;1.873481139\n13135;80.31386235;Gwinnett, GA;17.44124393;0.373453567;1.871440153\n13137;74.59880492;Habersham, GA;22.80848493;0.664482703;1.928227444\n13139;67.88978268;Hall, GA;29.3543109;0.53621914;2.219687278\n13141;87.24296856;Hancock, GA;10.62678969;0.530278927;1.599962822\n13143;79.4211961;Haralson, GA;18.87769284;0.451702571;1.24940849\n13145;86.17503652;Harris, GA;12.34698976;0.252935299;1.225038426\n13147;73.55772707;Hart, GA;22.96831;0.313330425;3.160632504\n13149;78.16596248;Heard, GA;18.81020788;2.006929187;1.016900456\n13151;82.87962064;Henry, GA;15.44217887;0.66201783;1.016182658\n13153;80.74802551;Houston, GA;15.61329521;0.680486061;2.958193213\n13155;83.08222767;Irwin, GA;15.11847347;0;1.799298858\n13157;84.90354088;Jackson, GA;13.18674051;0.719186575;1.190532033\n13159;85.78283048;Jasper, GA;12.58992806;0.35971223;1.267529229\n13161;76.48417831;Jeff Davis, GA;20.69949562;1.211176002;1.605150073\n13163;75.29545198;Jefferson, GA;20.68222091;1.447135263;2.57519185\n13165;76.7227704;Jenkins, GA;20.6235012;0;2.653728403\n13167;81.26276261;Johnson, GA;17.61523046;0;1.122006925\n13169;86.83843994;Jones, GA;10.92469218;0.456939551;1.779928337\n13171;84.70105219;Lamar, GA;9.708194573;0.805262871;4.785490371\n13173;86.65716344;Lanier, GA;11.07362572;0.496130185;1.773080657\n13175;75.9961956;Laurens, GA;21.47458397;0.705083206;1.824137229\n13177;87.92304944;Lee, GA;9.813414376;0.447028059;1.816508129\n13179;87.92881345;Liberty, GA;9.671725529;1.374245505;1.025215514\n13181;81.71231512;Lincoln, GA;17.07103552;0;1.216649367\n13183;91.83047566;Long, GA;7.162610619;0;1.006913717\n13185;76.17264929;Lowndes, GA;22.01257862;0.552946454;1.261825639\n13187;89.37909631;Lumpkin, GA;9.28051792;0.33371154;1.006674231\n13189;78.71376232;McDuffie, GA;17.44;0.674285714;3.171951965\n13191;88.79248812;McIntosh, GA;9.104862904;0.795367334;1.307281643\n13193;82.56173677;Macon, GA;15.34599729;0.339213026;1.753052917\n13195;83.152936;Madison, GA;15.02489331;0.177809388;1.6443613\n13197;87.72220067;Marion, GA;10.63829787;0;1.639501456\n13199;81.44611257;Meriwether, GA;16.88341215;0.227355402;1.443119874\n13201;82.88571429;Miller, GA;16.08163265;0;1.032653061\n13205;82.72481552;Mitchell, GA;14.26504383;0.212784067;2.797356579\n13207;86.05753225;Monroe, GA;12.11777172;0.312216167;1.512479864\n13209;84.33887199;Montgomery, GA;14.2222953;0;1.438832708\n13211;79.19954363;Morgan, GA;18.82695321;0.179091113;1.794412041\n13213;87.65086447;Murray, GA;10.65408297;0.126173413;1.568879142\n13215;75.61679637;Muscogee, GA;20.9316165;0.858940938;2.592646188\n13217;83.74959483;Newton, GA;14.7016747;0.495708197;1.053022269\n13219;76.23573519;Oconee, GA;22.21714216;0.525786394;1.021336259\n13221;90.30814149;Oglethorpe, GA;8.577756896;0;1.114101618\n13223;87.27183047;Paulding, GA;11.35718501;0.360445181;1.010539333\n13225;77.91135584;Peach, GA;19.67503159;0.749232713;1.664379852\n13227;88.80836533;Pickens, GA;9.676871326;0.501172233;1.013591111\n13229;75.46885013;Pierce, GA;22.3731208;0.519778228;1.638250842\n13231;80.95758017;Pike, GA;17.92489787;0;1.117521965\n13233;76.51118044;Polk, GA;20.51597348;0.664255576;2.308590502\n13235;87.02775546;Pulaski, GA;9.941715237;0.416319734;2.614209568\n13237;86.2487118;Putnam, GA;12.4658309;0.235648977;1.049808321\n13239;81.03100105;Quitman, GA;16.47433347;0;2.494665479\n13241;66.30286559;Rabun, GA;28.55124109;0.46080118;4.685092143\n13243;83.25631732;Randolph, GA;12.39797901;0.6477523;3.697951367\n13245;77.77754781;Richmond, GA;18.64756244;0.631516487;2.943373264\n13247;81.17097929;Rockdale, GA;17.08149974;0.726397935;1.021123042\n13249;83.43257813;Schley, GA;14.31137725;0;2.256044629\n13251;77.96974261;Screven, GA;19.4613856;0.342630028;2.22624177\n13253;73.9557733;Seminole, GA;23.55653569;0;2.487691013\n13255;70.8686031;Spalding, GA;25.56459039;0.837326175;2.729480337\n13257;74.98293603;Stephens, GA;22.59407832;0.191021968;2.231963682\n13259;88.21922165;Stewart, GA;9.541102674;0;2.239675678\n13261;78.20926277;Sumter, GA;19.7050489;0.548462781;1.537225544\n13263;87.75229217;Talbot, GA;10.40058267;0;1.84712516\n13265;80.36284217;Taliaferro, GA;18.63715783;0;1\n13267;84.26323803;Tattnall, GA;13.94984326;0.577978056;1.208940654\n13269;84.85307845;Taylor, GA;12.47473613;0;2.672185421\n13271;85.23362396;Telfair, GA;11.80151515;1.327272727;1.637588157\n13273;81.06553546;Terrell, GA;15.24422974;0;3.690234799\n13275;75.39218164;Thomas, GA;21.79338104;0.780411449;2.034025874\n13277;77.06025037;Tift, GA;19.2881001;1.253801286;2.39784824\n13279;71.97385791;Toombs, GA;25.09091577;0.949564706;1.985661614\n13281;73.67768121;Towns, GA;24.04736892;1.265399675;1.009550186\n13283;82.96121088;Treutlen, GA;15.78794481;0;1.250844311\n13285;76.60526551;Troup, GA;21.79613388;0.351261858;1.247338754\n13287;74.72083344;Turner, GA;20.11198208;1.651735722;3.51544876\n13289;81.48901902;Twiggs, GA;16.59093428;0;1.9200467\n13291;69.90903634;Union, GA;28.60554411;0.458887432;1.026532114\n13293;77.72049853;Upson, GA;19.12495857;0.863624646;2.290918259\n13295;74.88537728;Walker, GA;23.67175228;0.438507185;1.004363256\n13297;81.45660634;Walton, GA;17.17451772;0.164740712;1.204135231\n13299;74.13263322;Ware, GA;22.58206653;1.174542851;2.110757397\n13301;75.66839301;Warren, GA;21.20329105;0;3.128315942\n13303;78.47816112;Washington, GA;18.94085996;0.660782555;1.920196368\n13305;73.96133156;Wayne, GA;23.05059969;0.732582478;2.255486277\n13307;88.63346772;Webster, GA;9.074669525;0;2.291862751\n13309;90.06589408;Wheeler, GA;8.920630643;0;1.013475273\n13311;80.72708518;White, GA;18.08134394;0.18420277;1.007368111\n13313;72.25592534;Whitfield, GA;25.57919668;0.357215957;1.807662027\n13315;81.10425668;Wilcox, GA;16.45596975;0;2.439773575\n13317;78.12093858;Wilkes, GA;19.61672803;0.472009818;1.790323571\n13319;81.1855202;Wilkinson, GA;17.13897313;0;1.675506679\n13321;81.65889915;Worth, GA;16.33377923;0.230637945;1.776683674\n15001;75.84529309;Hawaii, HI;11.59883077;3.953176752;8.602699388\n15003;81.02520544;Honolulu, HI;10.98481232;5.334518106;2.655464133\n15005;91.22222222;Kalawao, HI;7.777777778;0;1\n15007;80.20984931;Kauai, HI;12.09849309;3.589900285;4.101757315\n15009;78.21160727;Maui, HI;16.49379335;2.026363719;3.268235659\n16001;82.05221155;Ada, ID;11.79564946;4.514418972;1.637720016\n16003;87.48088531;Adams, ID;10.33702213;1.15694165;1.025150905\n16005;77.31808154;Bannock, ID;5.516725214;13.60530668;3.559886565\n16007;72.05487379;Bear Lake, ID;1.019044437;22.06815904;4.857922736\n16009;74.72071078;Benewah, ID;20.68389876;2.837910609;1.757479847\n16011;77.5834429;Bingham, ID;2.918411647;15.82213257;3.676012889\n16013;87.51281811;Blaine, ID;7.246444611;3.609187874;1.631549401\n16015;89.74416619;Boise, ID;4.965850882;4.275754126;1.014228799\n16017;86.05751401;Bonner, ID;10.43374025;2.454925753;1.053819997\n16019;76.03476341;Bonneville, ID;5.171057428;14.88717693;3.907002235\n16021;81.87458987;Boundary, ID;14.93802406;2.160043748;1.027342326\n16023;70.95933459;Butte, ID;11.82981667;14.14735386;3.063494881\n16025;87.36168308;Camas, ID;8.146821844;3.222918532;1.268576544\n16027;83.19386923;Canyon, ID;11.15004526;4.466634555;1.189450955\n16029;73.20814043;Caribou, ID;3.03030303;19.12968548;4.631871059\n16031;74.04420667;Cassia, ID;8.818403625;13.88550017;3.251889534\n16033;88.62417969;Clark, ID;1.934826884;7.33197556;2.109017871\n16035;81.05684283;Clearwater, ID;15.75162653;2.180116425;1.011414222\n16037;84.63679937;Custer, ID;5.860805861;7.944139194;1.558255574\n16039;83.46448911;Elmore, ID;11.76492344;3.252829351;1.517758098\n16041;69.4944418;Franklin, ID;2.518379478;22.7514469;5.235731829\n16043;74.30181267;Fremont, ID;4.893520616;16.79504607;4.009620645\n16045;77.52504193;Gem, ID;13.45774269;7.15951911;1.857696269\n16047;81.41677547;Gooding, ID;10.03621314;6.928996379;1.61801501\n16049;84.96852524;Idaho, ID;12.23335587;1.785824061;1.01229483\n16051;76.74416999;Jefferson, ID;0.803366488;18.1924254;4.260038123\n16053;78.22196298;Jerome, ID;13.46205417;5.754447126;2.561535723\n16055;74.21687772;Kootenai, ID;22.0117839;2.698672867;1.072665509\n16057;85.91869831;Latah, ID;9.75727634;2.604446354;1.719578993\n16059;80.7821012;Lemhi, ID;10.24445565;7.755796371;1.217646781\n16061;75.52447003;Lewis, ID;15.3362994;8.086888249;1.052342319\n16063;86.69734208;Lincoln, ID;5.011520737;6.701228879;1.589908303\n16065;68.01793138;Madison, ID;0.780583973;25.41693308;5.784551566\n16067;72.48403471;Minidoka, ID;14.60959689;10.09766306;2.80870534\n16069;83.18311473;Nez Perce, ID;13.39870113;2.160957596;1.257226538\n16071;73.58654587;Oneida, ID;0.956602893;20.69528698;4.761564252\n16073;87.92937706;Owyhee, ID;5.917057088;5.144889814;1.008676037\n16075;81.67250144;Payette, ID;12.44308889;4.875569111;1.00884056\n16077;70.72646423;Power, ID;15.29998721;10.40040936;3.5731392\n16079;86.79475127;Shoshone, ID;9.674892284;2.514688602;1.015667842\n16081;86.80519628;Teton, ID;1.553588987;9.606686332;2.034528405\n16083;79.94932739;Twin Falls, ID;11.19642626;7.166904053;1.687342301\n16085;86.14256743;Valley, ID;9.724193875;3.082539039;1.050699655\n16087;78.77417738;Washington, ID;13.89488135;6.118846833;1.212094438\n17001;65.62727225;Adams, IL;32.044767;0.798026914;1.529933839\n17003;82.68099365;Alexander, IL;11.82932751;4.157562515;1.332116332\n17005;78.34688647;Bond, IL;19.64205313;0.830144079;1.180916317\n17007;85.1961481;Boone, IL;12.7388535;0.705252469;1.359745931\n17009;84.84156189;Brown, IL;13.01715439;0;2.141283723\n17011;82.91823505;Bureau, IL;15.54977414;0.060037738;1.471953067\n17013;72.74783115;Calhoun, IL;23.71782275;0;3.534346092\n17015;79.66060088;Carroll, IL;17.696757;0.396438552;2.246203564\n17017;77.20830187;Cass, IL;19.02580267;0.820993989;2.944901476\n17019;84.17537709;Champaign, IL;13.50003233;0.747708635;1.576881953\n17021;81.05284695;Christian, IL;16.38218391;1.057471264;1.507497882\n17023;75.08192596;Clark, IL;21.47229875;1.282522192;2.163253106\n17025;60.91096634;Clay, IL;35.41802389;2.663771263;1.007238509\n17027;74.96543512;Clinton, IL;21.50574652;0.390604311;3.138214048\n17029;82.25129728;Coles, IL;15.84095929;0.822304308;1.085439121\n17031;77.4770046;Cook, IL;18.42887187;0.283347851;3.810775674\n17033;81.76227481;Crawford, IL;16.8138467;0.413786143;1.010092345\n17035;85.02461984;Cumberland, IL;12.21035482;1.765025344;1\n17037;82.01040622;DeKalb, IL;14.16603271;1.251901864;2.571659203\n17039;81.80749955;De Witt, IL;15.98786305;1.192560836;1.012076565\n17041;69.81036383;Douglas, IL;27.75775776;1.386386386;1.045492027\n17043;72.65043648;DuPage, IL;22.20369409;0.344685056;4.801184373\n17045;81.96914465;Edgar, IL;15.91300603;1.079349699;1.038499621\n17047;71.35530427;Edwards, IL;27.64469573;0;1\n17049;72.0588396;Effingham, IL;25.03358449;0.760761638;2.146814274\n17051;82.28118393;Fayette, IL;14.57091238;1.546973803;1.600929895\n17053;78.88162941;Ford, IL;19.13216391;0;1.986206683\n17055;77.16534348;Franklin, IL;19.15586057;2.008290994;1.670504956\n17057;84.15875799;Fulton, IL;13.98203351;0.853813159;1.005395344\n17059;79.67708839;Gallatin, IL;18.30381106;0;2.019100551\n17061;78.87194768;Greene, IL;17.78049834;1.404292093;1.943261886\n17063;83.20671428;Grundy, IL;14.97513133;0.576273895;1.241880492\n17065;78.47922291;Hamilton, IL;19.57549959;0;1.945277502\n17067;78.08942985;Hancock, IL;18.08521776;2.326737856;1.498614538\n17069;90.42179736;Hardin, IL;8.055555556;0;1.522647081\n17071;87.59653731;Henderson, IL;11.02168872;0;1.381773971\n17073;82.69478283;Henry, IL;15.00614032;0.577387791;1.721689064\n17075;79.74735366;Iroquois, IL;18.02442964;0.245642372;1.982574333\n17077;79.49600248;Jackson, IL;14.74102428;1.416519977;4.346453265\n17079;78.57907415;Jasper, IL;19.90101052;0;1.519915332\n17081;76.98110052;Jefferson, IL;20.537255;0.665773817;1.815870665\n17083;78.03751943;Jersey, IL;18.96889276;1.239939091;1.753648724\n17085;78.466879;Jo Daviess, IL;18.43637005;0.870888085;2.225862867\n17087;84.02622794;Johnson, IL;10.59847401;4.367350183;1.007947862\n17089;79.74420033;Kane, IL;17.07855508;0.426864415;2.750380169\n17091;79.69029989;Kankakee, IL;18.06979348;0.798596726;1.441309907\n17093;86.91967712;Kendall, IL;11.39311114;0.212662111;1.474549626\n17095;83.8646044;Knox, IL;13.67939681;1.435212306;1.020786485\n17097;77.64015223;Lake, IL;19.68748845;0.3219